Date,pred
2025-09-25,2580633.451691555
2025-09-26,2618217.022756594
2025-09-27,2268395.702380687
2025-09-28,2664943.513048376
2025-09-29,2555079.033493315
2025-09-30,2205659.6982850577
2025-10-01,2335068.309271378
